<svg width="2000" height="2000" viewBox="0 0 2000 2000" fill="none" xmlns="http://www.w3.org/2000/svg">
<g clip-path="url(#clip0_3550_1668)">
<path d="M937.5 1187.5C1265.42 1187.5 1531.25 921.669 1531.25 593.75C1531.25 265.831 1265.42 0 937.5 0C609.581 0 343.75 265.831 343.75 593.75C343.75 921.669 609.581 1187.5 937.5 1187.5Z" fill="#036C70"/>
<path d="M1492.19 1625C1772.64 1625 2000 1397.64 2000 1117.19C2000 836.73 1772.64 609.375 1492.19 609.375C1211.73 609.375 984.375 836.73 984.375 1117.19C984.375 1397.64 1211.73 1625 1492.19 1625Z" fill="#1A9BA1"/>
<path d="M1000 2000C1224.37 2000 1406.25 1818.12 1406.25 1593.75C1406.25 1369.38 1224.37 1187.5 1000 1187.5C775.634 1187.5 593.75 1369.38 593.75 1593.75C593.75 1818.12 775.634 2000 1000 2000Z" fill="#37C6D0"/>
<path opacity="0.1" d="M1041.69 437.5H364.562C340.613 525.586 337.283 618.006 354.831 707.587C372.379 797.169 410.333 881.502 465.747 954.041C521.162 1026.58 592.546 1085.38 674.359 1125.86C756.173 1166.35 846.216 1187.44 937.5 1187.5C954.812 1187.5 971.937 1186.69 988.875 1185.25L989.25 1187.62C883.401 1190.43 782.829 1234.44 708.956 1310.3C635.082 1386.16 593.745 1487.86 593.75 1593.75C593.75 1604.25 594.125 1614.69 594.937 1625H1041.69C1063.76 1624.93 1084.92 1616.14 1100.53 1600.53C1116.13 1584.92 1124.93 1563.76 1125 1541.69V520.813C1124.93 498.737 1116.13 477.584 1100.53 461.975C1084.92 446.365 1063.76 437.566 1041.69 437.5V437.5Z" fill="black"/>
<path opacity="0.2" d="M979.185 500H351.123C337.635 584.819 342.695 671.554 365.954 754.229C389.214 836.905 430.119 913.555 485.852 978.9C541.586 1044.25 610.822 1096.73 688.793 1132.74C766.763 1168.76 851.613 1187.44 937.498 1187.5C954.81 1187.5 971.935 1186.69 988.873 1185.25L989.248 1187.62C928.856 1189.27 869.59 1204.36 815.759 1231.78C761.928 1259.21 714.884 1298.29 678.048 1346.17C641.212 1394.06 615.509 1449.55 602.808 1508.61C590.107 1567.68 590.727 1628.83 604.623 1687.62H979.185C1001.28 1687.56 1022.45 1678.74 1038.07 1663.11C1053.68 1647.47 1062.46 1626.28 1062.5 1604.19V583.313C1062.43 561.237 1053.63 540.084 1038.02 524.475C1022.41 508.865 1001.26 500.066 979.185 500V500Z" fill="black"/>
<path opacity="0.2" d="M979.185 500H351.123C337.635 584.819 342.695 671.554 365.954 754.229C389.214 836.905 430.119 913.555 485.852 978.9C541.586 1044.25 610.822 1096.73 688.793 1132.74C766.763 1168.76 851.613 1187.44 937.498 1187.5C954.81 1187.5 971.935 1186.69 988.873 1185.25L989.248 1187.62C888.777 1190.28 792.859 1230.09 720.03 1299.35C647.201 1368.61 602.631 1462.41 594.935 1562.62H979.185C1001.28 1562.56 1022.45 1553.74 1038.07 1538.11C1053.68 1522.47 1062.46 1501.28 1062.5 1479.19V583.313C1062.43 561.237 1053.63 540.084 1038.02 524.475C1022.41 508.865 1001.26 500.066 979.185 500V500Z" fill="black"/>
<path opacity="0.2" d="M916.685 500H351.123C337.635 584.819 342.695 671.554 365.954 754.229C389.214 836.905 430.119 913.555 485.852 978.9C541.586 1044.25 610.822 1096.73 688.793 1132.74C766.763 1168.76 851.613 1187.44 937.498 1187.5C954.81 1187.5 971.935 1186.69 988.873 1185.25L989.248 1187.62C888.777 1190.28 792.859 1230.09 720.03 1299.35C647.201 1368.61 602.631 1462.41 594.935 1562.62H916.685C938.782 1562.56 959.954 1553.74 975.567 1538.11C991.181 1522.47 999.965 1501.28 999.998 1479.19V583.313C999.932 561.237 991.133 540.084 975.523 524.475C959.913 508.865 938.761 500.066 916.685 500V500Z" fill="black"/>
<path d="M916.688 500H83.3125C37.3003 500 0 537.3 0 583.313V1416.69C0 1462.7 37.3003 1500 83.3125 1500H916.688C962.7 1500 1000 1462.7 1000 1416.69V583.313C1000 537.3 962.7 500 916.688 500Z" fill="#038387"/>
<path d="M375.876 993.747C353.985 979.324 335.685 960.083 322.377 937.497C309.431 913.781 302.964 887.071 303.626 860.06C302.526 823.61 314.847 788.025 338.252 760.06C362.876 732.005 394.716 711.232 430.314 699.997C470.898 686.639 513.403 680.051 556.126 680.497C612.314 678.435 668.425 686.306 721.876 703.747V820.81C698.644 806.704 673.333 796.348 646.876 790.122C618.244 783.08 588.863 779.533 559.376 779.56C528.254 778.346 497.308 784.784 469.251 798.31C458.671 802.89 449.654 810.455 443.305 820.078C436.956 829.702 433.549 840.968 433.502 852.497C433.381 866.766 438.803 880.524 448.626 890.872C460.325 903.006 474.16 912.88 489.439 919.997C506.481 928.331 531.981 939.602 565.939 953.81C569.696 954.973 573.354 956.436 576.876 958.185C610.339 971.261 642.623 987.173 673.376 1005.75C696.66 1020.1 716.198 1039.79 730.376 1063.18C744.947 1089.64 752.054 1119.56 750.939 1149.75C752.596 1187.25 741.126 1224.16 718.501 1254.12C695.93 1281.69 665.735 1301.99 631.689 1312.5C591.706 1325.06 549.969 1331.13 508.064 1330.5C470.512 1330.67 433.017 1327.57 396.001 1321.25C364.716 1316.28 334.169 1307.44 305.064 1294.93V1171.18C332.947 1191.06 364.11 1205.87 397.126 1214.93C429.926 1225.15 464.025 1230.61 498.377 1231.12C530.209 1233.15 561.988 1226.41 590.251 1211.62C599.949 1206.14 607.978 1198.13 613.481 1188.44C618.984 1178.76 621.756 1167.76 621.501 1156.62C621.547 1148.8 620.041 1141.06 617.069 1133.82C614.097 1126.59 609.719 1120.02 604.189 1114.5C590.172 1100.82 573.97 1089.59 556.251 1081.25C535.96 1071 505.918 1057.56 466.126 1040.93C434.546 1028.25 404.313 1012.44 375.876 993.747V993.747Z" fill="white"/>
</g>
<defs>
<clipPath id="clip0_3550_1668">
<rect width="2000" height="2000" fill="white"/>
</clipPath>
</defs>
</svg>
