<svg width="25" height="24" viewBox="0 0 25 24" fill="none" xmlns="http://www.w3.org/2000/svg">
<g clip-path="url(#clip0_4544_22581)">
<path d="M18.4473 7.80469C19.3301 8.28906 20.127 8.86328 20.8379 9.52734C21.5488 10.1914 22.1699 10.9297 22.7012 11.7422C23.2324 12.5547 23.6504 13.4258 23.9551 14.3555C24.2598 15.2852 24.4629 16.25 24.5645 17.25H0.564453C0.642578 16.25 0.841797 15.2852 1.16211 14.3555C1.48242 13.4258 1.9043 12.5586 2.42773 11.7539C2.95117 10.9492 3.56836 10.2109 4.2793 9.53906C4.99023 8.86719 5.79102 8.28906 6.68164 7.80469C6.64258 7.73438 6.56445 7.60156 6.44727 7.40625C6.33008 7.21094 6.19727 6.98438 6.04883 6.72656C5.90039 6.46875 5.74023 6.19531 5.56836 5.90625C5.39648 5.61719 5.24414 5.35156 5.11133 5.10938C4.97852 4.86719 4.86523 4.65234 4.77148 4.46484C4.67773 4.27734 4.63086 4.16797 4.63086 4.13672C4.63086 4.02734 4.67383 3.93359 4.75977 3.85547C4.8457 3.77734 4.94336 3.73438 5.05273 3.72656C5.20898 3.72656 5.32617 3.79688 5.4043 3.9375L7.43164 7.44141C8.23633 7.06641 9.06836 6.78906 9.92773 6.60938C10.7871 6.42969 11.666 6.33984 12.5645 6.33984C13.4551 6.33984 14.3301 6.42969 15.1895 6.60938C16.0488 6.78906 16.8848 7.06641 17.6973 7.44141L19.7246 3.9375C19.8027 3.79688 19.9199 3.72656 20.0762 3.72656C20.1855 3.72656 20.2832 3.76562 20.3691 3.84375C20.4551 3.92188 20.498 4.01953 20.498 4.13672C20.498 4.17578 20.4551 4.28516 20.3691 4.46484C20.2832 4.64453 20.1699 4.85547 20.0293 5.09766C19.8887 5.33984 19.7363 5.60547 19.5723 5.89453C19.4082 6.18359 19.248 6.45703 19.0918 6.71484C18.9355 6.97266 18.7988 7.20312 18.6816 7.40625C18.5645 7.60938 18.4863 7.74219 18.4473 7.80469ZM7.04492 13.8281C7.31836 13.8281 7.55273 13.7305 7.74805 13.5352C7.94336 13.3398 8.04102 13.1055 8.04102 12.832C8.04102 12.5586 7.94336 12.3242 7.74805 12.1289C7.55273 11.9336 7.31836 11.8359 7.04492 11.8359C6.9043 11.8359 6.77539 11.8594 6.6582 11.9062C6.54102 11.9531 6.43555 12.0234 6.3418 12.1172C6.24805 12.2109 6.17383 12.3164 6.11914 12.4336C6.06445 12.5508 6.03711 12.6836 6.03711 12.832C6.03711 12.9727 6.06445 13.1016 6.11914 13.2188C6.17383 13.3359 6.24414 13.4414 6.33008 13.5352C6.41602 13.6289 6.52148 13.6992 6.64648 13.7461C6.77148 13.793 6.9043 13.8203 7.04492 13.8281ZM18.084 13.8281C18.2168 13.8281 18.3418 13.8047 18.459 13.7578C18.5762 13.7109 18.6855 13.6406 18.7871 13.5469C18.8887 13.4531 18.9629 13.3477 19.0098 13.2305C19.0566 13.1133 19.084 12.9805 19.0918 12.832C19.0918 12.6914 19.0645 12.5625 19.0098 12.4453C18.9551 12.3281 18.8848 12.2227 18.7988 12.1289C18.7129 12.0352 18.6074 11.9648 18.4824 11.918C18.3574 11.8711 18.2246 11.8438 18.084 11.8359C17.8105 11.8359 17.5762 11.9336 17.3809 12.1289C17.1855 12.3242 17.0879 12.5586 17.0879 12.832C17.0879 13.1055 17.1855 13.3398 17.3809 13.5352C17.5762 13.7305 17.8105 13.8281 18.084 13.8281Z" fill="#091F2C"/>
</g>
<defs>
<clipPath id="clip0_4544_22581">
<rect width="24" height="24" fill="white" transform="translate(0.564453)"/>
</clipPath>
</defs>
</svg>
